12.2
76.2
18.14
35.25
54.75
23.69
14.83
95.94
57.86
192.07
12.5
17.181
23.21
28.5
0
10.420
3.7
24.09
15.45
25.40
20.55
43.20
30.30
10.45
16.95
20.66
13.05
66.91
10.00
9.94
15.01
58.42
70.05
128.21
14.00
0
22.86
69.06
19.93
18.41
31.57
29.16
769.2
76
532.3
70
103
821
18.3
25
60
246
30
21.5
57
112
66.90
41
58.00
58.00
327
22.24
36.50
14.50
0
0
75.1
301.12
32.13
0
7.00
28.00
6.90
107.40
0
24.19
19
41.44
135.91
74.92
164.04
26
56.43
42.83
61.52
32.54
16.5
105.47
222.67
31.2
26.95
62.24
48.97
34.98
51.03
62
141.7
3.89
145.16
16.43
0
172.70
08.00
29
0
0
124
155.39
0
0
16
050.000.0050.00
24.3
63.796.7063.70
89
4
8
